tests/bwaise/terrain.asc
ncols        220
nrows        143
xllcorner    450202
yllcorner    38624
cellsize     5
NODATA_value  -9999
[rows 100 to 119 of 143, columns 132 to 175 of 220]
1166.7119140625 1166.6937255859375 1166.7752685546875 1166.7828369140625 1166.8153076171875 1166.8204345703125 1167.0941162109375 1167.1846923828125 1167.4703369140625 1167.6829833984375 1168.3656005859375 1168.4296875 1168.47265625 1168.373779296875 1168.4798583984375 1168.7752685546875 1168.685791015625 1168.7431640625 1168.5767822265625 1168.123779296875 1167.0714111328125 1167.037353515625 1167.046875 1167.2152099609375 1167.1646728515625 1167.1976318359375 1167.1939697265625 1167.2830810546875 1167.2852783203125 1167.1650390625 1167.345458984375 1167.510498046875 1167.1837158203125 1167.1517333984375 1167.2757568359375 1167.428955078125 1167.4957275390625 1167.7130126953125 1167.5609130859375 1167.6541748046875 1167.3114013671875 1167.3905029296875 1167.556884765625 1167.63232421875
1166.7769775390625 1166.733154296875 1166.7462158203125 1166.8037109375 1166.8096923828125 1166.709228515625 1167.159912109375 1167.163818359375 1167.4117431640625 1167.6580810546875 1168.3140869140625 1168.4346923828125 1168.5518798828125 1168.6083984375 1168.8746337890625 1168.8009033203125 1168.661376953125 1168.6480712890625 1168.7535400390625 1168.2392578125 1166.928955078125 1166.93310546875 1167.0185546875 1167.1729736328125 1167.257080078125 1167.1865234375 1167.308349609375 1167.3572998046875 1167.3648681640625 1167.2337646484375 1167.3839111328125 1167.5347900390625 1167.1551513671875 1167.2518310546875 1167.3248291015625 1167.5235595703125 1167.718994140625 1167.6947021484375 1167.3760986328125 1167.5045166015625 1167.4998779296875 1167.4996337890625 1167.621826171875 1167.599853515625
1167.5653076171875 1166.7796630859375 1166.8154296875 1166.7982177734375 1166.8084716796875 1166.7744140625 1166.890380859375 1167.279052734375 1167.373291015625 1167.5797119140625 1167.9737548828125 1168.2679443359375 1168.6004638671875 1168.8265380859375 1168.951904296875 1168.8648681640625 1168.8009033203125 1168.8150634765625 1168.8721923828125 1168.7144775390625 1167.0474853515625 1166.9459228515625 1167.0379638671875 1167.15966796875 1167.3988037109375 1167.2149658203125 1167.21240234375 1167.180419921875 1167.18115234375 1167.15283203125 1167.3551025390625 1167.373291015625 1167.393310546875 1167.5958251953125 1167.377685546875 1167.44921875 1167.6759033203125 1167.69775390625 1167.614013671875 1167.53076171875 1167.23486328125 1167.4404296875 1167.3826904296875 1167.4466552734375
1167.99951171875 1167.0379638671875 1166.799072265625 1166.805908203125 1166.8006591796875 1166.90185546875 1166.9725341796875 1166.90869140625 1167.1898193359375 1167.4923095703125 1167.7010498046875 1168.1483154296875 1168.4454345703125 1168.869384765625 1168.8662109375 1168.946533203125 1168.9354248046875 1169.068603515625 1168.99951171875 1169.0457763671875 1167.1986083984375 1166.9534912109375 1167.0487060546875 1167.103759765625 1167.4002685546875 1167.291259765625 1167.1502685546875 1167.083251953125 1167.1138916015625 1167.130126953125 1167.23583984375 1167.49951171875 1167.34326171875 1167.3775634765625 1167.5289306640625 1167.5675048828125 1167.7122802734375 1167.567626953125 1167.161865234375 1167.5140380859375 1167.3267822265625 1167.3699951171875 1167.447509765625 1167.506103515625
1168.208251953125 1167.2451171875 1166.8768310546875 1166.82275390625 1166.9189453125 1166.91796875 1166.9029541015625 1167.0096435546875 1167.1505126953125 1167.5416259765625 1167.5574951171875 1167.9124755859375 1168.7933349609375 1169.10595703125 1168.8291015625 1168.947021484375 1169.0440673828125 1169.10498046875 1168.924560546875 1168.374267578125 1167.52099609375 1167.4188232421875 1167.5311279296875 1167.4439697265625 1167.545654296875 1167.48388671875 1167.142822265625 1167.2037353515625 1167.45068359375 1167.5213623046875 1167.4429931640625 1167.44921875 1167.482177734375 1167.5294189453125 1167.5413818359375 1167.5977783203125 1167.6212158203125 1167.80322265625 1167.1796875 1167.382080078125 1167.382568359375 1167.4129638671875 1167.457763671875 1167.508544921875
1167.7972412109375 1167.5535888671875 1167.4793701171875 1167.03857421875 1167.0958251953125 1167.290283203125 1166.9896240234375 1167.181884765625 1167.3746337890625 1167.2529296875 1167.7254638671875 1167.9202880859375 1168.8702392578125 1169.0684814453125 1168.738525390625 1168.9287109375 1168.9833984375 1168.9598388671875 1168.182861328125 1167.30859375 1167.367431640625 1167.5345458984375 1167.4862060546875 1167.48681640625 1167.475830078125 1167.66943359375 1167.60400390625 1167.4560546875 1167.3778076171875 1167.3201904296875 1167.397216796875 1167.428955078125 1167.46630859375 1167.5093994140625 1167.7420654296875 1167.767822265625 1167.7489013671875 1167.8087158203125 1167.1748046875 1167.4722900390625 1167.4420166015625 1167.4254150390625 1167.4150390625 1167.493408203125
1168.27685546875 1168.545654296875 1168.525146484375 1167.72509765625 1167.4073486328125 1167.20556640625 1166.987548828125 1167.11083984375 1167.0068359375 1167.34765625 1167.612548828125 1167.9647216796875 1168.0516357421875 1168.290283203125 1168.88720703125 1168.9365234375 1168.8165283203125 1168.76708984375 1168.56640625 1167.5660400390625 1167.56494140625 1167.5479736328125 1167.594970703125 1167.5823974609375 1167.5496826171875 1167.453857421875 1167.3729248046875 1167.3431396484375 1167.5107421875 1167.3839111328125 1167.1881103515625 1167.55908203125 1167.173583984375 1167.5982666015625 1167.847900390625 1167.6756591796875 1167.6475830078125 1167.6065673828125 1167.16748046875 1167.361572265625 1167.4671630859375 1167.4024658203125 1167.488525390625 1167.55078125
1168.3831787109375 1168.5250244140625 1168.7205810546875 1168.1092529296875 1167.1162109375 1167.459228515625 1167.5614013671875 1166.9871826171875 1167.169189453125 1167.40966796875 1167.392333984375 1167.56591796875 1167.903564453125 1168.002197265625 1168.4573974609375 1168.7008056640625 1168.66650390625 1168.608154296875 1168.611572265625 1167.7698974609375 1167.55810546875 1167.532958984375 1167.6378173828125 1167.4876708984375 1167.431396484375 1167.4429931640625 1167.5545654296875 1167.3609619140625 1167.26171875 1167.3475341796875 1167.5262451171875 1167.52294921875 1167.2730712890625 1167.630615234375 1167.65869140625 1167.5826416015625 1167.7427978515625 1167.5545654296875 1167.317138671875 1167.4859619140625 1167.637939453125 1167.423828125 1167.5255126953125 1167.591796875
1168.624267578125 1168.556884765625 1168.8443603515625 1168.361572265625 1168.7872314453125 1169.010986328125 1169.0352783203125 1167.462646484375 1167.0233154296875 1166.952392578125 1166.9068603515625 1167.16845703125 1167.6016845703125 1167.92919921875 1167.6806640625 1167.802978515625 1168.485595703125 1168.4351806640625 1168.2091064453125 1168.0535888671875 1167.6236572265625 1167.48828125 1167.491455078125 1167.5872802734375 1167.3203125 1167.3597412109375 1167.5975341796875 1167.4632568359375 1167.3974609375 1167.126220703125 1167.3873291015625 1167.3812255859375 1167.2515869140625 1167.4508056640625 1167.681884765625 1167.7364501953125 1167.5596923828125 1167.5872802734375 1167.6434326171875 1167.6607666015625 1167.6932373046875 1167.637451171875 1167.6207275390625 1167.8349609375
1168.759033203125 1168.5927734375 1168.7115478515625 1168.67333984375 1168.7008056640625 1168.7967529296875 1169.038330078125 1168.4990234375 1166.9178466796875 1166.9144287109375 1166.93603515625 1166.9859619140625 1167.764404296875 1167.329345703125 1167.52001953125 1167.5777587890625 1168.218017578125 1168.1055908203125 1167.64306640625 1167.5238037109375 1167.4505615234375 1167.5196533203125 1167.3389892578125 1167.193115234375 1167.5609130859375 1167.4481201171875 1167.4051513671875 1167.40771484375 1167.4779052734375 1167.3203125 1167.494384765625 1167.3751220703125 1167.37939453125 1167.2913818359375 1167.7447509765625 1167.931884765625 1167.57666015625 1167.583984375 1167.4918212890625 1167.3963623046875 1167.797607421875 1167.826904296875 1167.5191650390625 1168.010498046875
1168.479736328125 1168.640625 1168.6473388671875 1168.6859130859375 1168.73095703125 1168.7763671875 1168.6842041015625 1167.9154052734375 1166.9755859375 1166.9552001953125 1166.9359130859375 1166.9725341796875 1167.085205078125 1167.2752685546875 1167.344970703125 1167.401123046875 1167.3079833984375 1167.3717041015625 1167.55908203125 1167.518798828125 1167.2344970703125 1167.8292236328125 1168.217041015625 1168.861083984375 1167.7991943359375 1167.26220703125 1167.1123046875 1167.1583251953125 1167.1143798828125 1167.0328369140625 1167.3031005859375 1167.40478515625 1167.3992919921875 1167.416259765625 1167.87451171875 1168.1285400390625 1167.7274169921875 1167.59326171875 1167.6424560546875 1167.135498046875 1167.843017578125 1167.932373046875 1167.5679931640625 1167.50244140625
1168.359619140625 1168.48486328125 1167.91796875 1168.263427734375 1168.7283935546875 1168.989501953125 1168.6700439453125 1168.591552734375 1167.4111328125 1166.8616943359375 1167.0648193359375 1167.0181884765625 1167.07470703125 1167.104736328125 1167.2540283203125 1167.258544921875 1167.3564453125 1167.4810791015625 1166.991943359375 1167.3677978515625 1168.583251953125 1168.2733154296875 1168.2120361328125 1168.5869140625 1167.696533203125 1167.0872802734375 1167.0096435546875 1167.143798828125 1167.1915283203125 1167.2176513671875 1167.163330078125 1167.6722412109375 1167.42236328125 1167.4921875 1167.96142578125 1168.060791015625 1167.80517578125 1167.5904541015625 1167.661376953125 1167.1829833984375 1167.732177734375 1167.84716796875 1167.5792236328125 1167.528564453125
1168.290771484375 1167.42138671875 1166.866455078125 1167.1279296875 1168.4642333984375 1168.5263671875 1168.4549560546875 1168.4637451171875 1168.321044921875 1167.421875 1167.109375 1167.0487060546875 1167.1036376953125 1167.2183837890625 1167.2279052734375 1167.0137939453125 1167.1270751953125 1167.001708984375 1167.085205078125 1167.1021728515625 1168.431396484375 1168.18017578125 1168.44580078125 1167.662841796875 1167.2420654296875 1166.959228515625 1167.0145263671875 1167.0533447265625 1167.1695556640625 1167.214111328125 1167.9014892578125 1167.73291015625 1167.631591796875 1167.8260498046875 1167.9442138671875 1167.8846435546875 1167.962158203125 1167.6561279296875 1167.796142578125 1167.5550537109375 1167.88525390625 1167.7694091796875 1167.608154296875 1167.5855712890625
1167.2774658203125 1166.959228515625 1166.97998046875 1166.9801025390625 1167.2808837890625 1168.377197265625 1168.33935546875 1168.3162841796875 1168.362060546875 1168.2265625 1167.072509765625 1167.08056640625 1167.146240234375 1167.16162109375 1167.0797119140625 1167.00244140625 1167.05224609375 1166.9794921875 1166.9981689453125 1167.016845703125 1167.8939208984375 1168.3790283203125 1168.4764404296875 1167.8795166015625 1167.2481689453125 1167.05029296875 1166.9490966796875 1166.9560546875 1166.966064453125 1167.1673583984375 1167.678466796875 1167.30078125 1167.5111083984375 1167.474365234375 1167.8502197265625 1168.0328369140625 1167.8089599609375 1167.9259033203125 1167.826904296875 1167.5179443359375 1167.7640380859375 1167.6884765625 1167.7098388671875 1167.6396484375
1167.9393310546875 1167.146728515625 1166.9000244140625 1166.8575439453125 1166.98388671875 1167.0614013671875 1168.176025390625 1168.0013427734375 1168.2259521484375 1167.8505859375 1167.2164306640625 1167.283935546875 1167.4639892578125 1167.6951904296875 1167.8770751953125 1167.4849853515625 1167.1678466796875 1167.029296875 1167.117919921875 1167.03955078125 1167.00048828125 1167.9708251953125 1168.524169921875 1168.4278564453125 1167.764404296875 1167.300048828125 1167.891845703125 1167.49658203125 1167.37548828125 1167.2996826171875 1167.5853271484375 1168.061279296875 1167.6522216796875 1167.6522216796875 1167.780517578125 1168.2701416015625 1168.4476318359375 1168.046142578125 1167.8583984375 1167.58349609375 1167.4549560546875 1167.534912109375 1167.5745849609375 1167.7646484375
1168.4898681640625 1167.6011962890625 1166.853759765625 1166.9072265625 1166.95263671875 1166.8841552734375 1167.9324951171875 1167.93896484375 1167.8228759765625 1167.5718994140625 1167.2071533203125 1167.0479736328125 1167.71484375 1167.7818603515625 1167.8126220703125 1167.73046875 1167.0142822265625 1167.122314453125 1167.07470703125 1167.029296875 1167.04443359375 1167.30712890625 1168.55615234375 1168.4124755859375 1167.673095703125 1167.4100341796875 1167.4501953125 1167.3973388671875 1167.5548095703125 1167.5003662109375 1167.36767578125 1167.580322265625 1167.6243896484375 1167.67236328125 1167.7310791015625 1168.3131103515625 1168.3975830078125 1168.1339111328125 1167.90966796875 1167.8134765625 1167.4349365234375 1167.7562255859375 1167.6253662109375 1167.8035888671875
1168.50927734375 1168.2589111328125 1167.5457763671875 1166.9295654296875 1167.1473388671875 1167.0906982421875 1167.2515869140625 1167.4805908203125 1167.2711181640625 1167.1968994140625 1167.0279541015625 1167.62109375 1167.91357421875 1167.96142578125 1167.9425048828125 1167.8692626953125 1167.3929443359375 1166.9384765625 1167.0631103515625 1167.0311279296875 1167.0679931640625 1167.141357421875 1168.349609375 1168.520263671875 1167.78759765625 1167.3065185546875 1167.3717041015625 1167.2332763671875 1167.62890625 1167.38623046875 1167.41845703125 1167.4754638671875 1167.5946044921875 1167.647705078125 1167.8682861328125 1168.2698974609375 1168.1759033203125 1168.1016845703125 1167.93115234375 1167.8048095703125 1167.4566650390625 1167.796142578125 1167.82080078125 1167.8338623046875
1168.52197265625 1168.166748046875 1168.23779296875 1167.5919189453125 1166.966552734375 1167.1038818359375 1167.69482421875 1167.335693359375 1167.2027587890625 1167.131103515625 1167.5654296875 1167.72509765625 1167.885498046875 1167.90234375 1167.9510498046875 1167.840576171875 1167.7410888671875 1167.04833984375 1167.064697265625 1167.04248046875 1167.0235595703125 1167.1451416015625 1167.3720703125 1167.6175537109375 1167.508056640625 1167.394775390625 1167.3353271484375 1167.23779296875 1167.48583984375 1167.5028076171875 1167.4598388671875 1167.4705810546875 1167.666259765625 1167.6417236328125 1167.9427490234375 1168.21533203125 1168.2958984375 1168.1719970703125 1168.0723876953125 1167.9549560546875 1167.58935546875 1167.76513671875 1167.9532470703125 1168.0870361328125
1168.8609619140625 1168.234375 1167.9771728515625 1168.4638671875 1167.21826171875 1167.256103515625 1167.2364501953125 1167.155029296875 1167.0994873046875 1167.6187744140625 1167.661865234375 1167.78515625 1167.752197265625 1167.7528076171875 1167.396728515625 1167.439208984375 1167.0291748046875 1167.0814208984375 1166.94287109375 1167.2445068359375 1167.082763671875 1167.048583984375 1167.3690185546875 1167.37060546875 1167.4815673828125 1167.4989013671875 1167.406982421875 1167.346435546875 1167.3203125 1167.463623046875 1167.5159912109375 1167.623291015625 1167.689697265625 1167.724609375 1167.9254150390625 1168.3370361328125 1168.29443359375 1168.3486328125 1168.3187255859375 1168.6885986328125 1168.5213623046875 1167.8941650390625 1168.5037841796875 1168.65185546875
1169.61279296875 1168.7276611328125 1167.9263916015625 1167.853759765625 1167.8531494140625 1167.4493408203125 1167.0926513671875 1167.198486328125 1167.0994873046875 1167.1651611328125 1167.60498046875 1167.704833984375 1167.7696533203125 1167.6832275390625 1166.95361328125 1166.9158935546875 1166.8948974609375 1166.934814453125 1166.9390869140625 1167.1561279296875 1167.19287109375 1167.142822265625 1167.374267578125 1167.5943603515625 1167.4608154296875 1167.4603271484375 1167.3603515625 1167.2823486328125 1167.50439453125 1167.9041748046875 1167.70654296875 1167.58251953125 1167.674560546875 1167.78515625 1168.3045654296875 1168.4989013671875 1168.45703125 1168.7060546875 1168.62109375 1168.8291015625 1168.951904296875 1167.889404296875 1168.8634033203125 1168.9267578125
