tests/bwaise/terrain.asc
ncols        220
nrows        143
xllcorner    450202
yllcorner    38624
cellsize     5
NODATA_value  -9999
[rows 60 to 79 of 143, columns 176 to 219 of 220]
1167.4351806640625 1167.5267333984375 1167.67041015625 1167.7244873046875 1167.8031005859375 1167.752685546875 1167.6202392578125 1167.46533203125 1167.3431396484375 1167.3084716796875 1167.419189453125 1167.42431640625 1167.5006103515625 1167.5146484375 1167.3990478515625 1167.390869140625 1167.4700927734375 1167.66796875 1167.7294921875 1167.680419921875 1167.57666015625 1167.520263671875 1167.53759765625 1167.8118896484375 1167.789794921875 1167.9376220703125 1167.9627685546875 1167.8028564453125 1167.548095703125 1167.463623046875 1167.8642578125 1168.041748046875 1168.1466064453125 1168.10791015625 1168.26953125 1168.412353515625 1168.3768310546875 1168.436279296875 1168.4788818359375 1168.43359375 1168.7037353515625 1168.7177734375 1168.5760498046875 1168.4766845703125
1167.44482421875 1167.45751953125 1167.4945068359375 1167.641845703125 1167.6507568359375 1167.692626953125 1167.5146484375 1167.5010986328125 1167.3673095703125 1167.357421875 1167.51025390625 1167.50439453125 1167.4842529296875 1167.478759765625 1167.4302978515625 1167.377685546875 1167.6015625 1167.83935546875 1167.7010498046875 1167.718505859375 1167.67529296875 1167.5836181640625 1167.98828125 1167.7666015625 1167.64404296875 1167.8165283203125 1168.286376953125 1168.3314208984375 1168.0567626953125 1168.0435791015625 1168.0262451171875 1168.11328125 1168.0322265625 1167.9468994140625 1168.20068359375 1168.5411376953125 1168.41552734375 1168.4833984375 1168.5958251953125 1168.529052734375 1168.7010498046875 1168.8033447265625 1168.68994140625 1168.5098876953125
1167.6156005859375 1167.5042724609375 1167.5128173828125 1167.5247802734375 1167.6488037109375 1167.6044921875 1167.5145263671875 1167.3067626953125 1167.245361328125 1167.6226806640625 1167.500732421875 1168.1903076171875 1168.361083984375 1168.27783203125 1168.57763671875 1168.4337158203125 1167.9482421875 1168.0235595703125 1167.8271484375 1167.8634033203125 1167.9656982421875 1167.8424072265625 1167.84033203125 1167.9130859375 1168.1021728515625 1168.1270751953125 1168.2945556640625 1168.2681884765625 1168.356689453125 1168.787841796875 1168.150634765625 1168.0745849609375 1168.0357666015625 1168.044921875 1168.3316650390625 1168.6920166015625 1168.4725341796875 1168.556640625 1168.934326171875 1168.6500244140625 1168.602783203125 1168.8533935546875 1168.860595703125 1168.686767578125
1167.7960205078125 1167.8304443359375 1168.01416015625 1167.884521484375 1167.7298583984375 1167.83544921875 1167.64111328125 1167.2476806640625 1167.171142578125 1167.6146240234375 1167.8587646484375 1168.39794921875 1168.817138671875 1168.396728515625 1168.314697265625 1168.2861328125 1168.3170166015625 1168.0115966796875 1167.931396484375 1167.939697265625 1168.134033203125 1168.00732421875 1168.005615234375 1168.052001953125 1168.13623046875 1168.0782470703125 1167.9036865234375 1167.822265625 1167.7080078125 1167.74951171875 1167.7933349609375 1167.858642578125 1168.0057373046875 1168.08935546875 1168.5128173828125 1168.7398681640625 1168.52685546875 1168.6112060546875 1169.0135498046875 1168.8470458984375 1168.6737060546875 1168.819091796875 1168.93798828125 1168.88525390625
1167.5106201171875 1167.6827392578125 1167.8577880859375 1167.89111328125 1167.713623046875 1167.647216796875 1167.5341796875 1167.99560546875 1168.2205810546875 1168.592041015625 1168.6767578125 1168.52392578125 1169.376708984375 1168.5396728515625 1168.16748046875 1168.2801513671875 1168.2911376953125 1168.0977783203125 1167.87109375 1167.5606689453125 1167.936767578125 1167.9281005859375 1167.9912109375 1167.958251953125 1167.8382568359375 1167.8134765625 1167.47900390625 1166.8463134765625 1166.037353515625 1165.986328125 1165.978759765625 1165.95654296875 1165.9700927734375 1166.2054443359375 1168.66943359375 1168.88232421875 1168.6529541015625 1168.714599609375 1169.1346435546875 1169.171630859375 1168.8455810546875 1168.7718505859375 1169.1416015625 1169.0059814453125
1168 1167.8826904296875 1168.0875244140625 1167.9281005859375 1167.614501953125 1167.631591796875 1167.5458984375 1168.0445556640625 1168.6424560546875 1168.7620849609375 1168.63330078125 1168.4156494140625 1168.9189453125 1168.3807373046875 1168.155029296875 1168.2886962890625 1168.376220703125 1167.771728515625 1167.7880859375 1167.689208984375 1167.8135986328125 1167.9117431640625 1167.77490234375 1167.7310791015625 1167.1619873046875 1166.2530517578125 1165.9530029296875 1165.953857421875 1165.989501953125 1166.0487060546875 1166.3643798828125 1166.1981201171875 1166.0731201171875 1166.4896240234375 1168.9581298828125 1169.009033203125 1168.7723388671875 1168.784423828125 1169.19384765625 1169.24267578125 1168.96875 1168.91796875 1169.19287109375 1169.257080078125
1167.9490966796875 1167.8651123046875 1167.650634765625 1167.642578125 1167.5787353515625 1167.707275390625 1167.64794921875 1168.1937255859375 1168.578125 1168.5938720703125 1168.63818359375 1168.416748046875 1167.959228515625 1167.60986328125 1167.475341796875 1167.565673828125 1167.532470703125 1167.4610595703125 1167.5406494140625 1167.665283203125 1167.780517578125 1167.65283203125 1166.289794921875 1165.967041015625 1165.9581298828125 1165.94384765625 1165.9600830078125 1165.9622802734375 1165.955078125 1165.9661865234375 1165.974365234375 1165.977294921875 1166.1590576171875 1167.862548828125 1169.17724609375 1169.1673583984375 1168.856689453125 1168.9317626953125 1169.0093994140625 1169.0355224609375 1169.0780029296875 1169.08837890625 1169.103759765625 1169.20068359375
1167.9661865234375 1167.6461181640625 1167.31982421875 1167.3505859375 1167.3763427734375 1167.4737548828125 1167.3604736328125 1167.52490234375 1168.1893310546875 1168.4664306640625 1168.0533447265625 1167.5543212890625 1167.380126953125 1167.36767578125 1167.4134521484375 1167.44580078125 1167.4296875 1167.4373779296875 1167.3265380859375 1167.1494140625 1166.2532958984375 1165.9901123046875 1165.96435546875 1165.95458984375 1165.95947265625 1165.9678955078125 1165.9443359375 1165.9609375 1165.9593505859375 1165.96875 1165.988525390625 1166.2215576171875 1166.4886474609375 1169.01611328125 1169.25048828125 1169.093017578125 1168.9832763671875 1169.0338134765625 1169.0504150390625 1169.088623046875 1169.115478515625 1169.14208984375 1169.200927734375 1169.220703125
1167.1910400390625 1167.12158203125 1167.083251953125 1167.0816650390625 1166.9990234375 1167.05517578125 1167.013671875 1167.090576171875 1167.0506591796875 1167.0938720703125 1166.770263671875 1166.891357421875 1166.61767578125 1166.2744140625 1166.1845703125 1166.1368408203125 1166.010009765625 1165.9736328125 1165.952880859375 1165.940185546875 1165.9521484375 1165.944091796875 1165.953125 1165.9617919921875 1165.966552734375 1166.0556640625 1166.05615234375 1165.99755859375 1165.9605712890625 1165.9517822265625 1166.01220703125 1166.2655029296875 1168.865478515625 1169.333740234375 1169.0797119140625 1169.0526123046875 1169.0545654296875 1168.9937744140625 1169.118896484375 1169.138916015625 1169.12109375 1169.131591796875 1169.1995849609375 1169.1607666015625
1167.13671875 1167.038818359375 1166.7540283203125 1166.712646484375 1166.455810546875 1166.4398193359375 1166.1182861328125 1166.0616455078125 1165.9906005859375 1165.973388671875 1165.9620361328125 1165.955810546875 1165.958984375 1165.9609375 1165.9571533203125 1165.9453125 1165.9554443359375 1165.946533203125 1165.96044921875 1165.946533203125 1165.95703125 1165.9588623046875 1165.947998046875 1166.0235595703125 1166.087890625 1166.079345703125 1166.0484619140625 1166.0201416015625 1165.99755859375 1165.968994140625 1166.1083984375 1166.2950439453125 1169.235107421875 1169.282470703125 1169.0999755859375 1169.0953369140625 1169.0445556640625 1169.1719970703125 1168.6392822265625 1166.4637451171875 1166.1962890625 1166.220947265625 1166.9453125 1168.6322021484375
1165.9227294921875 1165.91162109375 1165.9522705078125 1165.9312744140625 1165.95263671875 1165.92626953125 1165.952392578125 1165.94580078125 1165.9407958984375 1165.948974609375 1165.954345703125 1165.94775390625 1165.9453125 1165.9478759765625 1165.9586181640625 1165.9581298828125 1165.9415283203125 1165.9595947265625 1165.979248046875 1165.9488525390625 1165.958984375 1166.010009765625 1166.06591796875 1166.0814208984375 1166.0673828125 1166.0440673828125 1165.9754638671875 1166.03125 1166.1864013671875 1166.190185546875 1166.205322265625 1168.6522216796875 1169.326416015625 1169.125732421875 1169.1348876953125 1169.122314453125 1169.20556640625 1168.7171630859375 1166.11474609375 1166.1998291015625 1166.2301025390625 1166.24609375 1166.2432861328125 1166.287841796875
1165.9093017578125 1165.9322509765625 1165.9354248046875 1165.9278564453125 1165.9459228515625 1165.9521484375 1165.9566650390625 1165.939697265625 1165.9459228515625 1165.9556884765625 1165.9666748046875 1165.95458984375 1165.9716796875 1165.9483642578125 1165.9549560546875 1165.9521484375 1165.95166015625 1165.9644775390625 1165.9539794921875 1165.981689453125 1166.0306396484375 1166.05810546875 1166.071533203125 1166.0660400390625 1166.057373046875 1166.044677734375 1166.09033203125 1166.1451416015625 1166.5472412109375 1166.68310546875 1167.8602294921875 1169.2750244140625 1169.1751708984375 1169.201416015625 1169.13720703125 1169.3231201171875 1168.958251953125 1167.05615234375 1166.9566650390625 1167.0272216796875 1167.1573486328125 1167.20361328125 1167.28662109375 1167.137939453125
1165.9307861328125 1165.9229736328125 1165.9315185546875 1165.9345703125 1165.9443359375 1165.936767578125 1165.9404296875 1165.9415283203125 1165.946533203125 1165.965087890625 1165.9559326171875 1165.9556884765625 1165.9559326171875 1165.950439453125 1165.953857421875 1165.94189453125 1165.950439453125 1165.9632568359375 1166.0126953125 1166.044677734375 1166.0596923828125 1166.118896484375 1166.26171875 1166.4232177734375 1166.9034423828125 1167.446533203125 1167.631103515625 1167.81494140625 1167.8876953125 1168.5048828125 1169.2738037109375 1169.1937255859375 1169.2276611328125 1169.2855224609375 1169.3709716796875 1169.38525390625 1169.2862548828125 1168.7901611328125 1169.158447265625 1169.0413818359375 1169.13525390625 1169.107421875 1169.142333984375 1169.2674560546875
1165.9259033203125 1165.9364013671875 1165.953125 1165.9404296875 1165.9478759765625 1165.9332275390625 1165.9407958984375 1165.9483642578125 1165.95654296875 1165.9410400390625 1165.9549560546875 1165.984619140625 1166.0389404296875 1165.9525146484375 1165.9794921875 1166.054931640625 1166.2086181640625 1166.3060302734375 1166.4202880859375 1166.397705078125 1166.7574462890625 1167.209228515625 1167.6378173828125 1167.732666015625 1167.41552734375 1167.9310302734375 1168.2037353515625 1168.32958984375 1168.9918212890625 1169.158447265625 1169.05126953125 1169.130615234375 1169.291748046875 1169.3052978515625 1169.48046875 1169.4407958984375 1169.4384765625 1169.3695068359375 1169.36376953125 1169.28466796875 1169.561767578125 1169.6099853515625 1169.5235595703125 1169.55859375
1165.9324951171875 1165.9317626953125 1165.9443359375 1165.928466796875 1165.937255859375 1165.9454345703125 1165.9549560546875 1166.025146484375 1166.23046875 1166.401123046875 1166.751708984375 1167.08544921875 1167.48876953125 1167.72705078125 1167.8297119140625 1167.853759765625 1167.8475341796875 1167.7310791015625 1167.6622314453125 1167.7203369140625 1167.84130859375 1167.9481201171875 1168.3001708984375 1168.51171875 1168.0738525390625 1169.013916015625 1169.23095703125 1169.1478271484375 1169.1185302734375 1169.1368408203125 1169.2130126953125 1169.356201171875 1169.3968505859375 1169.3575439453125 1169.505615234375 1169.5185546875 1169.5792236328125 1169.5457763671875 1169.5745849609375 1169.5760498046875 1169.6485595703125 1169.6781005859375 1169.69580078125 1169.6658935546875
1165.928466796875 1165.95751953125 1166.114990234375 1166.322509765625 1166.855224609375 1167.1114501953125 1167.35498046875 1167.5582275390625 1167.837158203125 1167.903076171875 1167.8653564453125 1168.01513671875 1168.0081787109375 1168.1077880859375 1168.1993408203125 1168.3258056640625 1168.269775390625 1168.1568603515625 1168.0953369140625 1168.0916748046875 1168.442626953125 1168.6129150390625 1169.0101318359375 1169.3134765625 1169.4158935546875 1169.3433837890625 1169.280517578125 1169.2506103515625 1169.1788330078125 1169.119873046875 1169.5150146484375 1169.5838623046875 1169.4453125 1169.413330078125 1169.5494384765625 1169.548583984375 1169.5716552734375 1169.6099853515625 1169.5731201171875 1169.6734619140625 1169.8472900390625 1169.819580078125 1169.8704833984375 1169.9449462890625
1167.5792236328125 1167.6162109375 1167.5712890625 1167.57958984375 1167.7459716796875 1167.890625 1168.139404296875 1168.2947998046875 1168.521728515625 1168.6796875 1168.7322998046875 1168.9447021484375 1169.0263671875 1169.2384033203125 1169.5196533203125 1169.7470703125 1169.7926025390625 1169.8934326171875 1169.8577880859375 1169.8533935546875 1169.82080078125 1169.778564453125 1169.7099609375 1169.66748046875 1169.491943359375 1168.817138671875 1169.3974609375 1169.7052001953125 1169.913330078125 1169.9176025390625 1169.8846435546875 1169.7392578125 1169.4788818359375 1169.495361328125 1169.6612548828125 1169.8343505859375 1170.6920166015625 1171.0301513671875 1171.4012451171875 1171.64892578125 1171.8895263671875 1172.108642578125 1172.313720703125 1172.450927734375
1167.95263671875 1168.0185546875 1168.119384765625 1168.14306640625 1168.2862548828125 1168.4798583984375 1169.119873046875 1169.4300537109375 1169.6865234375 1169.8487548828125 1170.0863037109375 1170.102783203125 1170.21142578125 1170.2445068359375 1170.2353515625 1170.2265625 1170.16650390625 1170.1224365234375 1170.0576171875 1169.9945068359375 1169.8382568359375 1169.7073974609375 1169.6796875 1169.8778076171875 1170.3118896484375 1170.6578369140625 1171.3798828125 1171.592041015625 1171.6407470703125 1171.24560546875 1170.020751953125 1169.8145751953125 1169.50927734375 1169.537353515625 1169.70703125 1170.4459228515625 1173.0614013671875 1173.3829345703125 1173.8375244140625 1174.00830078125 1174.2261962890625 1174.471435546875 1174.857421875 1174.9674072265625
1169.388916015625 1169.78515625 1170.017333984375 1170.086181640625 1170.2459716796875 1170.3052978515625 1170.3665771484375 1170.3956298828125 1170.4276123046875 1170.44677734375 1170.4476318359375 1170.4036865234375 1170.2823486328125 1170.2720947265625 1170.34375 1170.563720703125 1170.95947265625 1171.21923828125 1171.561279296875 1171.8096923828125 1172.2177734375 1172.447998046875 1172.8577880859375 1173.1851806640625 1173.6121826171875 1173.8658447265625 1174.3731689453125 1174.630126953125 1174.8902587890625 1174.9970703125 1174.1602783203125 1170.0355224609375 1169.55908203125 1169.607177734375 1170.2708740234375 1176.015625 1176.4866943359375 1176.5274658203125 1176.5919189453125 1176.591552734375 1176.6070556640625 1176.628173828125 1176.65234375 1176.6551513671875
1170.2484130859375 1170.290771484375 1170.3388671875 1170.3699951171875 1170.40283203125 1170.40576171875 1170.360107421875 1170.2904052734375 1170.381103515625 1170.5313720703125 1170.965576171875 1171.257568359375 1171.7181396484375 1172.0843505859375 1172.4498291015625 1172.74951171875 1173.22021484375 1173.4921875 1173.9190673828125 1174.137451171875 1174.5263671875 1174.8724365234375 1175.1376953125 1175.43017578125 1175.765625 1175.908447265625 1176.1912841796875 1176.326416015625 1176.505859375 1176.60302734375 1176.2757568359375 1173.3984375 1169.623291015625 1169.639404296875 1173.21484375 1176.47119140625 1176.7301025390625 1176.7203369140625 1176.712646484375 1176.7215576171875 1176.7298583984375 1176.7384033203125 1176.7437744140625 1176.752685546875
