tests/bwaise/terrain.asc
ncols        220
nrows        143
xllcorner    450202
yllcorner    38624
cellsize     5
NODATA_value  -9999
[rows 40 to 59 of 143, columns 88 to 131 of 220]
1168.19091796875 1168.231201171875 1168.0718994140625 1168.0032958984375 1168.1138916015625 1168.091552734375 1168.18408203125 1168.053466796875 1167.943603515625 1167.9317626953125 1167.9912109375 1168.07666015625 1168.43701171875 1168.22607421875 1168.1217041015625 1168.2232666015625 1168.3380126953125 1168.2012939453125 1168.1810302734375 1168.223388671875 1168.024169921875 1167.7900390625 1167.870361328125 1168.2626953125 1167.961669921875 1167.9244384765625 1167.9620361328125 1167.958251953125 1167.701171875 1167.7259521484375 1167.7802734375 1167.8460693359375 1167.72412109375 1167.6800537109375 1167.6953125 1167.7230224609375 1167.5257568359375 1167.447265625 1167.733154296875 1167.6055908203125 1167.6346435546875 1167.678955078125 1167.804443359375 1167.7261962890625
1167.9189453125 1168.0123291015625 1168.0665283203125 1168.172607421875 1168.2550048828125 1167.873291015625 1167.96044921875 1167.8262939453125 1167.8016357421875 1167.8760986328125 1167.888427734375 1167.877197265625 1168.1708984375 1168.3919677734375 1167.87890625 1167.977294921875 1168.180419921875 1168.0152587890625 1168.03271484375 1168.004638671875 1167.88720703125 1167.75 1167.8284912109375 1167.7884521484375 1167.8538818359375 1167.864501953125 1167.9375 1167.849365234375 1167.6290283203125 1167.650634765625 1167.6439208984375 1167.59423828125 1167.5745849609375 1167.635009765625 1167.5316162109375 1167.8057861328125 1167.5562744140625 1167.5394287109375 1167.5306396484375 1167.5887451171875 1167.603271484375 1167.6654052734375 1167.86376953125 1167.724365234375
1167.70361328125 1167.724365234375 1167.692138671875 1167.7249755859375 1167.8013916015625 1167.772705078125 1167.8013916015625 1167.715087890625 1167.71435546875 1167.8338623046875 1167.7528076171875 1167.7314453125 1167.9342041015625 1168.2392578125 1167.8177490234375 1167.8760986328125 1168.1708984375 1168.0677490234375 1167.91064453125 1167.9228515625 1167.7359619140625 1167.7281494140625 1167.8194580078125 1167.885498046875 1167.7596435546875 1167.6431884765625 1167.5648193359375 1167.7301025390625 1167.5919189453125 1167.701171875 1167.61376953125 1167.514404296875 1167.6485595703125 1167.719482421875 1167.6988525390625 1167.3358154296875 1167.487060546875 1167.5357666015625 1167.408447265625 1167.539306640625 1167.5408935546875 1167.5306396484375 1167.6048583984375 1167.682373046875
1167.4962158203125 1167.5467529296875 1167.619873046875 1167.990966796875 1167.844482421875 1167.7381591796875 1167.7913818359375 1167.6871337890625 1167.697021484375 1167.7159423828125 1167.715087890625 1167.708740234375 1167.8980712890625 1168.2132568359375 1167.8349609375 1167.8450927734375 1167.78662109375 1167.8167724609375 1167.83447265625 1167.841552734375 1167.7149658203125 1167.6812744140625 1167.7127685546875 1167.7476806640625 1167.7926025390625 1167.7996826171875 1167.60107421875 1167.4931640625 1167.4398193359375 1167.587646484375 1167.6162109375 1167.5416259765625 1167.7752685546875 1167.7657470703125 1167.4752197265625 1167.2091064453125 1167.625 1167.5762939453125 1167.4144287109375 1167.1304931640625 1167.4737548828125 1167.54443359375 1167.6798095703125 1167.6644287109375
1167.5140380859375 1167.482666015625 1167.790771484375 1167.9202880859375 1167.5767822265625 1167.70849609375 1167.783447265625 1167.708251953125 1167.6552734375 1167.73095703125 1167.766357421875 1167.6973876953125 1167.798583984375 1167.9671630859375 1167.8564453125 1167.7799072265625 1167.775634765625 1167.8304443359375 1167.7412109375 1167.8885498046875 1167.745361328125 1167.6015625 1167.4918212890625 1167.6151123046875 1167.885498046875 1167.560791015625 1167.9931640625 1167.416748046875 1167.3944091796875 1167.396728515625 1167.57958984375 1167.5833740234375 1167.785888671875 1167.5413818359375 1167.6448974609375 1167.7266845703125 1167.793212890625 1167.662841796875 1167.519287109375 1167.2327880859375 1167.2120361328125 1167.4805908203125 1167.5775146484375 1167.6104736328125
1167.6517333984375 1167.5374755859375 1167.782470703125 1167.59619140625 1167.5968017578125 1167.719482421875 1167.977783203125 1167.768798828125 1167.6412353515625 1167.6455078125 1167.7894287109375 1167.773193359375 1167.706787109375 1168.2071533203125 1168.0096435546875 1167.796142578125 1167.759521484375 1167.7637939453125 1167.66796875 1167.8394775390625 1167.6981201171875 1167.521728515625 1167.529052734375 1167.607421875 1167.657470703125 1167.46240234375 1167.4830322265625 1167.4581298828125 1167.3953857421875 1167.3900146484375 1167.4337158203125 1167.432373046875 1167.531494140625 1167.770263671875 1167.6676025390625 1167.622314453125 1167.670166015625 1167.7757568359375 1167.5186767578125 1167.3892822265625 1167.166748046875 1167.4937744140625 1167.5804443359375 1167.6651611328125
1167.6383056640625 1167.4912109375 1167.3612060546875 1167.367919921875 1167.4844970703125 1167.4954833984375 1167.6109619140625 1167.912353515625 1167.9674072265625 1167.90576171875 1167.831787109375 1167.7611083984375 1167.5562744140625 1168.042236328125 1167.7332763671875 1167.64697265625 1167.708740234375 1167.7286376953125 1167.6982421875 1167.624267578125 1167.7349853515625 1167.69189453125 1167.4981689453125 1167.521484375 1167.432373046875 1167.40234375 1167.3363037109375 1167.7169189453125 1167.3203125 1167.2857666015625 1167.3514404296875 1167.4407958984375 1167.93212890625 1167.8599853515625 1167.435546875 1167.4669189453125 1167.3106689453125 1167.746826171875 1167.71044921875 1167.668701171875 1167.1934814453125 1167.48095703125 1167.61279296875 1167.9588623046875
1167.5936279296875 1167.5897216796875 1167.4615478515625 1167.30615234375 1167.53173828125 1167.518798828125 1167.73388671875 1167.969482421875 1167.87548828125 1167.8497314453125 1167.8231201171875 1167.8125 1167.4967041015625 1167.8414306640625 1167.526123046875 1167.585205078125 1167.7462158203125 1167.8038330078125 1167.8048095703125 1167.553466796875 1167.6820068359375 1167.7900390625 1167.4566650390625 1167.574951171875 1167.4246826171875 1167.3590087890625 1167.24609375 1167.4041748046875 1167.3216552734375 1167.2166748046875 1167.262939453125 1167.3199462890625 1167.6663818359375 1167.685791015625 1167.2740478515625 1167.29345703125 1167.6488037109375 1167.6358642578125 1167.7581787109375 1167.45703125 1167.3262939453125 1167.1973876953125 1167.2437744140625 1167.35693359375
1167.5625 1167.52099609375 1167.4520263671875 1167.3564453125 1167.612060546875 1167.625 1167.3751220703125 1167.7734375 1167.8555908203125 1167.772705078125 1167.722412109375 1167.7052001953125 1167.51220703125 1167.6085205078125 1167.678955078125 1167.7615966796875 1167.767822265625 1167.7972412109375 1167.7877197265625 1167.6331787109375 1167.662353515625 1168.2222900390625 1167.548583984375 1167.5128173828125 1167.276611328125 1167.37939453125 1167.4447021484375 1167.5152587890625 1167.3482666015625 1167.4041748046875 1167.1859130859375 1167.23779296875 1167.394775390625 1167.2301025390625 1167.20654296875 1167.137451171875 1167.450927734375 1167.798095703125 1167.4688720703125 1167.430419921875 1167.259033203125 1167.0604248046875 1167.197509765625 1167.1805419921875
1167.4891357421875 1167.4222412109375 1167.453125 1167.3951416015625 1167.484375 1167.595458984375 1167.47216796875 1167.700927734375 1167.7462158203125 1167.673095703125 1167.682373046875 1167.6868896484375 1167.5045166015625 1167.6356201171875 1167.69189453125 1167.7420654296875 1167.76708984375 1167.779541015625 1167.7490234375 1167.6373291015625 1167.505615234375 1167.5137939453125 1167.4796142578125 1167.678466796875 1167.361083984375 1167.3597412109375 1167.4576416015625 1167.46142578125 1167.447021484375 1167.18359375 1167.166748046875 1167.1817626953125 1167.2574462890625 1167.185791015625 1167.35400390625 1167.3218994140625 1167.477783203125 1167.4345703125 1167.242919921875 1167.3226318359375 1167.6253662109375 1166.9451904296875 1167.1998291015625 1167.181640625
1167.4398193359375 1167.291748046875 1167.3275146484375 1167.2896728515625 1167.3277587890625 1167.5009765625 1167.415771484375 1167.7615966796875 1167.7340087890625 1167.694580078125 1167.65283203125 1167.7203369140625 1167.5028076171875 1167.5882568359375 1167.7340087890625 1167.7947998046875 1167.680908203125 1167.8016357421875 1167.7978515625 1167.73828125 1167.3739013671875 1167.56298828125 1167.4150390625 1167.4111328125 1167.3204345703125 1167.611083984375 1167.5096435546875 1167.4197998046875 1167.2462158203125 1167.28955078125 1167.439697265625 1167.236083984375 1167.3739013671875 1167.4884033203125 1167.407958984375 1167.3651123046875 1167.409912109375 1167.35009765625 1167.1685791015625 1167.181884765625 1167.5230712890625 1167.135009765625 1167.377685546875 1167.3018798828125
1167.36376953125 1167.311279296875 1167.3292236328125 1167.2552490234375 1167.5357666015625 1167.59228515625 1167.62451171875 1167.64501953125 1167.7861328125 1167.64111328125 1167.7386474609375 1167.7603759765625 1167.46240234375 1167.5498046875 1167.7147216796875 1167.7623291015625 1167.643798828125 1167.757568359375 1167.832763671875 1167.809814453125 1167.3505859375 1167.261962890625 1167.6947021484375 1167.7550048828125 1167.5726318359375 1167.5792236328125 1167.5107421875 1167.55224609375 1167.334716796875 1167.3052978515625 1167.3834228515625 1167.37646484375 1167.3260498046875 1167.367431640625 1167.4619140625 1167.3416748046875 1167.355712890625 1167.3863525390625 1167.159423828125 1167.1650390625 1167.5379638671875 1167.3148193359375 1167.631591796875 1167.4766845703125
1168.08203125 1168.1060791015625 1167.555908203125 1167.5166015625 1167.4844970703125 1167.4237060546875 1167.5206298828125 1167.47216796875 1167.607666015625 1167.560791015625 1167.664306640625 1167.6927490234375 1167.5672607421875 1167.5335693359375 1167.5777587890625 1167.576416015625 1167.61376953125 1167.7144775390625 1167.8890380859375 1167.889892578125 1167.5267333984375 1167.3416748046875 1167.657958984375 1167.6260986328125 1167.5311279296875 1167.656494140625 1167.643798828125 1167.525146484375 1167.5537109375 1167.416259765625 1167.4471435546875 1167.5462646484375 1167.3148193359375 1167.2978515625 1167.3192138671875 1167.3668212890625 1167.376708984375 1167.3875732421875 1167.2491455078125 1167.2159423828125 1167.286376953125 1167.3773193359375 1167.5687255859375 1167.4476318359375
1167.867919921875 1167.932373046875 1167.8558349609375 1167.7054443359375 1167.5072021484375 1167.524658203125 1167.5948486328125 1167.4710693359375 1167.69970703125 1167.6265869140625 1167.6624755859375 1167.6845703125 1167.6514892578125 1167.5400390625 1167.6329345703125 1167.5670166015625 1167.6414794921875 1167.7110595703125 1167.9112548828125 1168.0625 1167.67333984375 1167.463134765625 1167.50830078125 1167.55029296875 1167.5230712890625 1167.6358642578125 1167.5943603515625 1167.597900390625 1167.3470458984375 1167.1510009765625 1167.2291259765625 1167.2388916015625 1167.397705078125 1167.3341064453125 1167.2977294921875 1167.40283203125 1167.375732421875 1167.373779296875 1167.5299072265625 1167.402099609375 1167.2318115234375 1167.306396484375 1167.4537353515625 1167.4346923828125
1167.6600341796875 1167.6585693359375 1167.7618408203125 1167.68017578125 1167.473876953125 1167.510986328125 1167.48291015625 1167.3134765625 1167.90576171875 1167.8760986328125 1167.9324951171875 1167.9666748046875 1167.963623046875 1167.334716796875 1167.4744873046875 1167.431884765625 1167.7884521484375 1167.95556640625 1168.0467529296875 1168.0987548828125 1167.8525390625 1167.6468505859375 1167.3671875 1167.7008056640625 1167.7802734375 1167.7437744140625 1167.6485595703125 1167.6612548828125 1167.2037353515625 1167.1829833984375 1167.280517578125 1167.3896484375 1167.383544921875 1167.2872314453125 1167.2991943359375 1167.4390869140625 1167.4698486328125 1167.5657958984375 1167.9593505859375 1168.272705078125 1168.28759765625 1168.4901123046875 1167.209228515625 1167.61279296875
1167.8228759765625 1167.765625 1167.65234375 1167.501220703125 1167.44970703125 1167.482666015625 1167.518310546875 1167.24609375 1167.8421630859375 1168.03076171875 1167.991455078125 1167.9649658203125 1167.8822021484375 1167.44921875 1167.518310546875 1167.658447265625 1167.803955078125 1167.9432373046875 1168.0238037109375 1168.031005859375 1168.0201416015625 1167.9122314453125 1167.465576171875 1167.346923828125 1167.6114501953125 1167.64404296875 1167.626220703125 1167.582763671875 1167.1876220703125 1167.31884765625 1167.232666015625 1167.138671875 1167.0418701171875 1167.2584228515625 1167.5277099609375 1167.65087890625 1167.5980224609375 1167.7890625 1168.36669921875 1168.7279052734375 1168.658447265625 1168.46728515625 1167.0849609375 1167.711669921875
1167.6253662109375 1167.6763916015625 1167.492919921875 1167.662841796875 1167.4783935546875 1167.44921875 1167.4871826171875 1167.2550048828125 1167.7645263671875 1167.79736328125 1167.9447021484375 1167.9034423828125 1167.70166015625 1167.6290283203125 1167.7054443359375 1167.690673828125 1167.7728271484375 1167.7581787109375 1167.8140869140625 1167.8804931640625 1167.96044921875 1167.69677734375 1167.4664306640625 1167.405029296875 1167.5970458984375 1167.617919921875 1167.4417724609375 1167.4111328125 1167.2711181640625 1167.2396240234375 1167.25048828125 1167.1912841796875 1166.9442138671875 1167.239013671875 1167.5216064453125 1167.5203857421875 1167.5692138671875 1167.5576171875 1167.7572021484375 1168.006591796875 1167.479248046875 1167.8487548828125 1167.9788818359375 1167.9981689453125
1167.539794921875 1167.5966796875 1167.2991943359375 1167.34716796875 1167.46826171875 1167.5965576171875 1167.5146484375 1167.3035888671875 1167.7418212890625 1167.76953125 1167.8704833984375 1167.9940185546875 1167.7320556640625 1167.7354736328125 1167.5687255859375 1167.6004638671875 1167.73779296875 1167.6990966796875 1167.8575439453125 1167.729248046875 1167.915283203125 1167.600341796875 1167.5623779296875 1167.541259765625 1167.5107421875 1167.493896484375 1167.3140869140625 1167.3775634765625 1167.2015380859375 1167.1932373046875 1167.2783203125 1167.3218994140625 1166.962158203125 1167.328857421875 1167.5179443359375 1167.52880859375 1167.575439453125 1167.671875 1167.81005859375 1168.2452392578125 1167.99951171875 1168.084716796875 1168.08251953125 1167.9688720703125
1167.41455078125 1167.5965576171875 1167.2183837890625 1167.2484130859375 1167.14794921875 1167.181396484375 1167.2030029296875 1167.2181396484375 1168.014892578125 1167.878173828125 1167.7340087890625 1167.8739013671875 1167.611083984375 1167.719482421875 1167.649169921875 1167.41064453125 1167.6898193359375 1167.60400390625 1167.7281494140625 1167.7025146484375 1167.5584716796875 1167.55517578125 1167.789794921875 1167.6434326171875 1167.246826171875 1167.3238525390625 1167.6181640625 1167.6383056640625 1167.1116943359375 1167.1663818359375 1167.5653076171875 1167.59326171875 1167.080322265625 1167.1844482421875 1167.3526611328125 1167.52880859375 1167.6153564453125 1167.6439208984375 1167.811767578125 1167.7613525390625 1167.8759765625 1168.201416015625 1167.88623046875 1167.7728271484375
1167.350830078125 1167.3212890625 1167.2679443359375 1167.27880859375 1167.2496337890625 1167.2406005859375 1167.2745361328125 1167.1787109375 1167.9609375 1167.9462890625 1167.7418212890625 1167.9764404296875 1167.654052734375 1167.5782470703125 1167.77392578125 1167.406982421875 1167.405029296875 1167.4346923828125 1167.4617919921875 1167.4866943359375 1167.5439453125 1167.5614013671875 1167.8319091796875 1167.664794921875 1167.602783203125 1167.4521484375 1167.6934814453125 1167.5408935546875 1167.2462158203125 1167.2325439453125 1167.318115234375 1167.4625244140625 1167.575439453125 1167.557861328125 1167.5416259765625 1167.544677734375 1167.6016845703125 1167.5797119140625 1167.592041015625 1167.6314697265625 1167.5860595703125 1167.5732421875 1167.7459716796875 1167.7567138671875
