tests/bwaise/terrain.asc
ncols        220
nrows        143
xllcorner    450202
yllcorner    38624
cellsize     5
NODATA_value  -9999
[rows 40 to 59 of 143, columns 44 to 87 of 220]
1166.6953125 1166.75048828125 1166.83642578125 1166.848388671875 1166.7293701171875 1166.6929931640625 1166.8438720703125 1166.9449462890625 1167.15234375 1166.6580810546875 1166.7470703125 1166.760009765625 1166.7734375 1166.8282470703125 1167.16064453125 1167.2633056640625 1167.2115478515625 1167.129150390625 1167.1964111328125 1167.2237548828125 1167.1962890625 1167.162841796875 1167.5345458984375 1167.3031005859375 1167.5172119140625 1167.5479736328125 1167.5457763671875 1167.6533203125 1167.6934814453125 1167.3973388671875 1167.419921875 1167.4873046875 1167.614501953125 1167.670166015625 1167.7940673828125 1167.8023681640625 1167.9161376953125 1167.891357421875 1167.8486328125 1167.71044921875 1167.8848876953125 1167.8656005859375 1167.9918212890625 1168.0274658203125
1166.6209716796875 1166.810791015625 1166.8251953125 1166.6650390625 1166.682373046875 1166.6199951171875 1166.89306640625 1166.907958984375 1166.8907470703125 1166.654052734375 1166.7735595703125 1166.7862548828125 1166.80712890625 1166.76513671875 1167.14794921875 1167.1270751953125 1167.0341796875 1166.9490966796875 1167.0142822265625 1167.0743408203125 1167.2139892578125 1167.341064453125 1167.2373046875 1167.316650390625 1167.31591796875 1167.2861328125 1167.428955078125 1167.4954833984375 1167.536376953125 1167.40380859375 1167.5576171875 1167.4254150390625 1167.5423583984375 1167.5391845703125 1167.6424560546875 1167.7354736328125 1167.96337890625 1167.9234619140625 1167.7945556640625 1167.61279296875 1167.834228515625 1167.796875 1167.874267578125 1167.890625
1166.6494140625 1166.7840576171875 1166.66357421875 1166.69873046875 1166.7017822265625 1166.671630859375 1166.8343505859375 1166.8448486328125 1166.8201904296875 1166.73876953125 1166.805908203125 1166.8001708984375 1166.783447265625 1166.666748046875 1167.0849609375 1166.9295654296875 1166.846923828125 1166.81689453125 1166.8128662109375 1166.8299560546875 1166.88330078125 1166.98974609375 1167.1114501953125 1167.271240234375 1167.408447265625 1167.3876953125 1167.277099609375 1167.27685546875 1167.71728515625 1167.45263671875 1167.4873046875 1167.4127197265625 1167.5595703125 1167.448486328125 1167.4473876953125 1167.4329833984375 1167.9342041015625 1167.8956298828125 1167.765625 1167.5267333984375 1167.729248046875 1167.7481689453125 1167.6973876953125 1167.6541748046875
1166.632080078125 1166.80908203125 1166.715087890625 1166.6915283203125 1166.6695556640625 1166.7359619140625 1166.7705078125 1166.7366943359375 1166.8084716796875 1166.7371826171875 1166.7811279296875 1166.7991943359375 1166.8485107421875 1166.64453125 1167.03076171875 1166.8953857421875 1166.8013916015625 1166.772705078125 1166.8065185546875 1166.815185546875 1166.8236083984375 1166.874755859375 1167.090087890625 1167.142822265625 1167.1959228515625 1167.3345947265625 1167.4432373046875 1167.31396484375 1167.27001953125 1167.4334716796875 1167.4609375 1167.458251953125 1167.4560546875 1167.37744140625 1167.346435546875 1167.3411865234375 1167.72216796875 1167.8016357421875 1167.792724609375 1167.6512451171875 1168.188720703125 1167.6092529296875 1167.6192626953125 1167.587158203125
1166.644287109375 1166.6632080078125 1166.93408203125 1166.6292724609375 1166.5830078125 1166.8248291015625 1166.7989501953125 1166.919189453125 1166.6932373046875 1167.2802734375 1167.2164306640625 1167.2813720703125 1167.0821533203125 1166.78271484375 1167.1038818359375 1166.862548828125 1166.7772216796875 1166.7789306640625 1166.776611328125 1166.769287109375 1166.8048095703125 1166.8779296875 1167.0614013671875 1167.1109619140625 1167.2064208984375 1167.4881591796875 1167.3199462890625 1167.3826904296875 1167.18896484375 1167.46630859375 1167.4888916015625 1167.545654296875 1167.300048828125 1167.259033203125 1167.29736328125 1167.2296142578125 1167.3486328125 1167.520263671875 1167.82177734375 1167.4163818359375 1167.4515380859375 1167.4486083984375 1167.47216796875 1167.4736328125
1167.158935546875 1167.2789306640625 1167.08447265625 1167.2330322265625 1167.0948486328125 1166.8585205078125 1166.5614013671875 1166.7791748046875 1166.5870361328125 1167.09375 1167.092041015625 1167.2220458984375 1167.0133056640625 1167.2169189453125 1166.8909912109375 1166.80419921875 1166.8118896484375 1166.744873046875 1166.82080078125 1166.843017578125 1166.8206787109375 1166.9085693359375 1167.16943359375 1167.1353759765625 1167.2137451171875 1167.53125 1167.4625244140625 1167.5491943359375 1167.229248046875 1167.69384765625 1167.5966796875 1167.529296875 1167.18798828125 1167.2210693359375 1167.7130126953125 1167.5555419921875 1167.5740966796875 1167.74609375 1167.8389892578125 1167.550537109375 1167.5128173828125 1167.5228271484375 1167.5684814453125 1167.57861328125
1167.132080078125 1167.20458984375 1167.2664794921875 1167.249755859375 1167.26025390625 1167.2279052734375 1166.5408935546875 1166.4554443359375 1166.5977783203125 1166.6090087890625 1166.6986083984375 1166.879638671875 1166.8778076171875 1166.5914306640625 1166.6640625 1166.6734619140625 1166.7615966796875 1166.971923828125 1166.8592529296875 1166.87060546875 1166.9376220703125 1166.9810791015625 1167.1231689453125 1167.053466796875 1167.135498046875 1167.156005859375 1167.0498046875 1166.99658203125 1167.1107177734375 1167.279052734375 1167.52734375 1167.3782958984375 1167.283935546875 1167.447998046875 1168.0528564453125 1167.963623046875 1167.7183837890625 1167.69873046875 1167.74755859375 1167.4266357421875 1167.6337890625 1167.6502685546875 1167.605712890625 1167.641357421875
1167.306396484375 1167.3106689453125 1167.2896728515625 1167.2840576171875 1167.3409423828125 1167.3270263671875 1166.49072265625 1166.479736328125 1166.6092529296875 1166.6365966796875 1166.69189453125 1166.5306396484375 1166.7845458984375 1166.656005859375 1166.708740234375 1166.826416015625 1166.8287353515625 1166.7611083984375 1166.792236328125 1166.7928466796875 1166.7769775390625 1167.3958740234375 1167.361572265625 1167.2576904296875 1167.080810546875 1167.0517578125 1167.1781005859375 1167.031005859375 1167.10302734375 1167.24951171875 1167.443115234375 1167.3419189453125 1167.291015625 1167.4351806640625 1167.57958984375 1167.688232421875 1167.7100830078125 1167.599853515625 1167.70166015625 1167.4759521484375 1167.6517333984375 1167.530517578125 1167.6524658203125 1167.5853271484375
1167.5953369140625 1167.54736328125 1167.1661376953125 1166.9781494140625 1166.9085693359375 1166.914794921875 1166.440673828125 1166.4146728515625 1166.3818359375 1166.38037109375 1166.4185791015625 1166.5247802734375 1166.5684814453125 1166.6273193359375 1166.7955322265625 1166.8760986328125 1166.73486328125 1166.8458251953125 1166.7987060546875 1166.6309814453125 1166.6494140625 1166.96484375 1166.71240234375 1166.6993408203125 1166.83984375 1166.9208984375 1166.973876953125 1167.1907958984375 1167.6357421875 1167.5487060546875 1167.4854736328125 1167.3134765625 1167.3017578125 1167.2305908203125 1166.94140625 1167.1104736328125 1167.2850341796875 1167.3651123046875 1167.6483154296875 1167.3984375 1167.559326171875 1167.57666015625 1167.5850830078125 1167.6824951171875
1167.299560546875 1167.2384033203125 1167.2462158203125 1166.82275390625 1166.7987060546875 1166.8310546875 1166.3087158203125 1166.3638916015625 1166.356201171875 1166.386474609375 1166.396240234375 1166.57421875 1166.4097900390625 1166.4923095703125 1166.5631103515625 1166.508544921875 1166.677490234375 1166.724853515625 1166.6981201171875 1166.554443359375 1166.5479736328125 1166.7137451171875 1166.734375 1166.6766357421875 1166.8262939453125 1166.8392333984375 1167.2523193359375 1167.190185546875 1167.6195068359375 1167.4818115234375 1167.481201171875 1167.2713623046875 1167.1021728515625 1167.1446533203125 1167.065673828125 1167.1876220703125 1167.2060546875 1167.3079833984375 1167.5863037109375 1167.4820556640625 1167.571533203125 1167.6419677734375 1167.586669921875 1167.6422119140625
1166.755126953125 1166.9564208984375 1167.1768798828125 1166.9931640625 1166.84619140625 1166.79248046875 1166.28173828125 1166.369384765625 1166.3416748046875 1166.4481201171875 1166.586669921875 1166.447998046875 1166.3121337890625 1166.3367919921875 1166.4361572265625 1166.4534912109375 1166.713134765625 1166.6273193359375 1166.491943359375 1166.4783935546875 1166.450439453125 1166.4766845703125 1166.52001953125 1166.7724609375 1166.75634765625 1166.5859375 1167.007080078125 1167.1502685546875 1167.0654296875 1166.932861328125 1166.912841796875 1166.9293212890625 1167.109619140625 1167.098388671875 1167.292724609375 1167.61279296875 1167.7940673828125 1167.635986328125 1167.6129150390625 1167.3931884765625 1167.5806884765625 1167.5496826171875 1167.628173828125 1167.5938720703125
1166.967529296875 1166.7884521484375 1167.390625 1167.3863525390625 1167.29296875 1167.112548828125 1166.3212890625 1166.31396484375 1166.28271484375 1166.3037109375 1166.4378662109375 1166.424072265625 1166.427978515625 1166.3929443359375 1166.3692626953125 1166.4605712890625 1166.5867919921875 1166.5819091796875 1166.5001220703125 1166.4989013671875 1166.51171875 1166.6109619140625 1166.5853271484375 1166.6439208984375 1166.7327880859375 1166.6148681640625 1166.535888671875 1166.6942138671875 1166.756103515625 1167.0240478515625 1167.565673828125 1167.27392578125 1167.0714111328125 1167.2181396484375 1167.4407958984375 1167.7342529296875 1168.03125 1167.750732421875 1167.6160888671875 1167.36767578125 1167.4515380859375 1167.473388671875 1167.7181396484375 1167.5357666015625
1166.9219970703125 1166.8841552734375 1167.4498291015625 1167.64404296875 1167.6707763671875 1167.1324462890625 1166.59423828125 1166.619873046875 1166.4007568359375 1166.4490966796875 1166.397705078125 1166.498779296875 1166.39404296875 1166.37548828125 1166.328125 1166.5048828125 1166.882080078125 1166.834716796875 1166.5986328125 1166.5372314453125 1166.5634765625 1166.58740234375 1166.734375 1166.841064453125 1166.6600341796875 1166.6951904296875 1166.7320556640625 1166.7874755859375 1166.8590087890625 1166.8699951171875 1167.2828369140625 1167.134521484375 1167.0740966796875 1167.2587890625 1167.2734375 1167.313720703125 1167.3861083984375 1167.3531494140625 1167.4786376953125 1167.455810546875 1167.7181396484375 1167.7626953125 1167.9490966796875 1168.02587890625
1167.151123046875 1167.1707763671875 1167.4425048828125 1167.5291748046875 1167.44482421875 1166.9017333984375 1166.4749755859375 1166.398193359375 1166.3714599609375 1166.4423828125 1166.2901611328125 1166.5606689453125 1166.3818359375 1166.458251953125 1166.3101806640625 1166.4627685546875 1166.8719482421875 1166.921142578125 1166.5535888671875 1166.4561767578125 1166.407958984375 1166.4239501953125 1166.7020263671875 1166.7706298828125 1166.5863037109375 1166.640625 1166.75048828125 1166.8675537109375 1166.985595703125 1166.9423828125 1167.2314453125 1167.2142333984375 1167.09375 1167.1964111328125 1167.2451171875 1167.247802734375 1167.2467041015625 1167.2935791015625 1167.594970703125 1167.57470703125 1167.8062744140625 1167.825439453125 1167.8543701171875 1167.8568115234375
1167.0802001953125 1167.4029541015625 1167.3724365234375 1167.427001953125 1167.326416015625 1167.05859375 1166.3450927734375 1166.328857421875 1166.3785400390625 1166.375 1166.2388916015625 1166.2900390625 1166.2738037109375 1166.3394775390625 1166.2850341796875 1166.58544921875 1166.589111328125 1166.5003662109375 1166.4984130859375 1166.4139404296875 1166.742431640625 1166.6502685546875 1166.55810546875 1166.4888916015625 1166.5072021484375 1166.44970703125 1166.7041015625 1166.8345947265625 1166.9854736328125 1167.052734375 1167.385009765625 1167.404541015625 1167.224853515625 1167.248779296875 1167.28955078125 1167.3829345703125 1167.2318115234375 1167.24560546875 1167.382080078125 1167.6893310546875 1167.7691650390625 1167.7490234375 1167.6981201171875 1167.689208984375
1167.3917236328125 1167.23486328125 1167.395751953125 1167.44873046875 1167.4163818359375 1166.820068359375 1166.33740234375 1166.349853515625 1166.392822265625 1166.4290771484375 1166.2513427734375 1166.36279296875 1166.375732421875 1166.4658203125 1166.28076171875 1166.4671630859375 1166.5196533203125 1166.5595703125 1166.6590576171875 1166.633544921875 1166.6976318359375 1166.5528564453125 1166.613525390625 1166.612548828125 1166.595947265625 1166.35107421875 1166.506591796875 1166.9866943359375 1166.9910888671875 1166.9576416015625 1167.33251953125 1167.4031982421875 1167.2755126953125 1167.435791015625 1167.2322998046875 1167.2349853515625 1167.184326171875 1167.17626953125 1167.2969970703125 1167.64111328125 1167.824951171875 1167.8319091796875 1167.829833984375 1167.82373046875
1167.5447998046875 1167.2520751953125 1167.1634521484375 1167.419189453125 1167.5450439453125 1166.9306640625 1166.29296875 1166.37060546875 1166.5010986328125 1166.5679931640625 1166.3619384765625 1166.2734375 1166.3260498046875 1166.2984619140625 1166.284423828125 1166.59814453125 1166.4259033203125 1166.4307861328125 1166.443115234375 1166.4786376953125 1166.58447265625 1166.706298828125 1166.9197998046875 1166.817138671875 1166.8096923828125 1166.557861328125 1166.592041015625 1166.673583984375 1166.994873046875 1167.1849365234375 1167.2425537109375 1167.336669921875 1167.3887939453125 1167.6220703125 1167.7203369140625 1167.443115234375 1167.112060546875 1167.01025390625 1167.6195068359375 1167.5128173828125 1167.5042724609375 1167.5281982421875 1167.5977783203125 1167.6600341796875
1167.491455078125 1167.2650146484375 1167.210205078125 1167.7003173828125 1167.4853515625 1167.064453125 1166.2901611328125 1166.3182373046875 1166.37060546875 1166.421142578125 1166.2633056640625 1166.2308349609375 1166.330810546875 1166.3486328125 1166.298095703125 1166.4677734375 1166.4766845703125 1166.453125 1166.507080078125 1166.5509033203125 1166.7264404296875 1166.7818603515625 1166.951416015625 1166.77783203125 1166.3726806640625 1166.4910888671875 1166.5260009765625 1166.5159912109375 1167.042236328125 1167.0926513671875 1167.0399169921875 1167.2757568359375 1167.314697265625 1167.451416015625 1167.4105224609375 1166.908447265625 1166.993896484375 1166.969970703125 1167.2930908203125 1167.5601806640625 1167.538818359375 1167.5550537109375 1167.6273193359375 1167.7586669921875
1166.41552734375 1166.546142578125 1166.6365966796875 1166.435302734375 1166.564453125 1166.6407470703125 1166.5806884765625 1166.57470703125 1166.41357421875 1166.580810546875 1166.3355712890625 1166.4591064453125 1166.4326171875 1166.791748046875 1166.3865966796875 1166.5487060546875 1166.33056640625 1166.35595703125 1166.529541015625 1166.655029296875 1166.950927734375 1166.8837890625 1166.9224853515625 1166.7926025390625 1166.3076171875 1166.447998046875 1166.4317626953125 1166.52978515625 1166.9439697265625 1167.1405029296875 1166.9814453125 1167.06201171875 1167.1768798828125 1167.0623779296875 1166.80517578125 1166.9085693359375 1167.0450439453125 1167.0662841796875 1167.30126953125 1167.5802001953125 1167.44677734375 1167.4676513671875 1167.53466796875 1167.6072998046875
1166.3179931640625 1166.4849853515625 1166.559814453125 1166.5257568359375 1166.64794921875 1166.6900634765625 1166.740966796875 1166.58642578125 1166.66748046875 1166.73291015625 1166.389892578125 1166.5111083984375 1166.516845703125 1166.5496826171875 1166.3167724609375 1166.4332275390625 1166.3720703125 1166.3946533203125 1166.37548828125 1166.4993896484375 1166.68798828125 1166.731201171875 1166.7454833984375 1166.753662109375 1166.3057861328125 1166.4991455078125 1166.471435546875 1166.5472412109375 1166.7215576171875 1166.6463623046875 1166.7470703125 1166.7760009765625 1166.77294921875 1166.7418212890625 1166.8031005859375 1167.2318115234375 1167.0362548828125 1167.1290283203125 1167.2974853515625 1167.5283203125 1167.462646484375 1167.5067138671875 1167.4515380859375 1167.4375
